70.66666666666667
56.0
28.666666666666668
77.0
50.0
36.333333333333336
76.0
89.0
62.333333333333336
51.333333333333336
44.333333333333336
75.0
76.0
67.33333333333333
74.0
62.0
56.0
52.333333333333336
66.66666666666667
48.666666666666664
44.333333333333336
51.333333333333336
81.33333333333333
49.0
58.0
87.33333333333333
58.666666666666664
80.0
82.0
79.0
52.333333333333336
66.0
73.66666666666667
77.0
58.666666666666664
80.0
80.66666666666667
64.0
37.333333333333336
58.333333333333336
50.666666666666664
66.0
48.666666666666664
82.33333333333333
73.33333333333333
49.0
44.333333333333336
65.0
56.333333333333336
54.666666666666664
71.66666666666667
74.0
51.333333333333336
34.666666666666664
67.0
58.0
78.33333333333333
61.0
61.666666666666664
69.66666666666667
60.666666666666664
77.66666666666667
78.33333333333333
41.333333333333336
72.33333333333333
79.66666666666667
75.33333333333333
74.66666666666667
43.333333333333336
73.66666666666667
69.33333333333333
63.333333333333336
79.0
71.0
56.666666666666664
75.33333333333333
77.66666666666667
59.333333333333336
83.0
52.0
57.666666666666664
60.666666666666664
37.666666666666664
52.666666666666664
53.666666666666664
46.333333333333336
74.0
74.0
34.666666666666664
44.0
41.333333333333336
52.0
71.33333333333333
77.33333333333333
70.0
48.666666666666664
47.666666666666664
53.666666666666664
66.33333333333333
81.33333333333333
66.0
69.66666666666667
64.18627450980392 62.55882352941177 61.509803921568626